2018 11 13  01 00 00	0.304
2018 11 13  02 00 00	0.191
2018 11 13  03 00 00	0.171
2018 11 13  04 00 00	0.238
2018 11 13  05 00 00	0.372
2018 11 13  06 00 00	0.54
2018 11 13  07 00 00	0.707
2018 11 13  08 00 00	0.845
2018 11 13  09 00 00	0.936
2018 11 13  10 00 00	0.977
2018 11 13  11 00 00	0.979
2018 11 13  12 00 00	0.964
2018 11 13  13 00 00	0.952
2018 11 13  14 00 00	0.964
2018 11 13  15 00 00	1.007
2018 11 13  16 00 00	1.078
2018 11 13  17 00 00	1.165
2018 11 13  18 00 00	1.244
2018 11 13  19 00 00	1.292
2018 11 13  20 00 00	1.29
2018 11 13  21 00 00	1.225
2018 11 13  22 00 00	1.099
2018 11 13  23 00 00	0.922
2018 11 14  00 00 00	0.72
2018 11 14  01 00 00	0.522
2018 11 14  02 00 00	0.359
2018 11 14  03 00 00	0.256
2018 11 14  04 00 00	0.229
2018 11 14  05 00 00	0.277
2018 11 14  06 00 00	0.389
2018 11 14  07 00 00	0.54
2018 11 14  08 00 00	0.702
2018 11 14  09 00 00	0.849
2018 11 14  10 00 00	0.959
2018 11 14  11 00 00	1.025
2018 11 14  12 00 00	1.048
2018 11 14  13 00 00	1.04
2018 11 14  14 00 00	1.02
2018 11 14  15 00 00	1.003
2018 11 14  16 00 00	1.005
2018 11 14  17 00 00	1.029
2018 11 14  18 00 00	1.071
2018 11 14  19 00 00	1.12
2018 11 14  20 00 00	1.158
2018 11 14  21 00 00	1.166
2018 11 14  22 00 00	1.13
2018 11 14  23 00 00	1.042
2018 11 15  00 00 00	0.906
2018 11 15  01 00 00	0.736
2018 11 15  02 00 00	0.558
2018 11 15  03 00 00	0.401
2018 11 15  04 00 00	0.293
2018 11 15  05 00 00	0.254
2018 11 15  06 00 00	0.293
2018 11 15  07 00 00	0.402
2018 11 15  08 00 00	0.561
2018 11 15  09 00 00	0.741
2018 11 15  10 00 00	0.909
2018 11 15  11 00 00	1.039
2018 11 15  12 00 00	1.114
2018 11 15  13 00 00	1.131
2018 11 15  14 00 00	1.1
2018 11 15  15 00 00	1.041
2018 11 15  16 00 00	0.976
2018 11 15  17 00 00	0.93
2018 11 15  18 00 00	0.915
2018 11 15  19 00 00	0.937
2018 11 15  20 00 00	0.986
2018 11 15  21 00 00	1.044
2018 11 15  22 00 00	1.085
2018 11 15  23 00 00	1.088
2018 11 16  00 00 00	1.034
2018 11 16  01 00 00	0.922
2018 11 16  02 00 00	0.762
2018 11 16  03 00 00	0.582
2018 11 16  04 00 00	0.415
2018 11 16  05 00 00	0.297
2018 11 16  06 00 00	0.257
2018 11 16  07 00 00	0.306
2018 11 16  08 00 00	0.437
2018 11 16  09 00 00	0.627
2018 11 16  10 00 00	0.837
2018 11 16  11 00 00	1.027
2018 11 16  12 00 00	1.162
2018 11 16  13 00 00	1.221
2018 11 16  14 00 00	1.2
2018 11 16  15 00 00	1.115
2018 11 16  16 00 00	0.995
2018 11 16  17 00 00	0.877
2018 11 16  18 00 00	0.792
2018 11 16  19 00 00	0.762
2018 11 16  20 00 00	0.793
2018 11 16  21 00 00	0.873
2018 11 16  22 00 00	0.973
2018 11 16  23 00 00	1.058
2018 11 17  00 00 00	1.094
2018 11 17  01 00 00	1.058
2018 11 17  02 00 00	0.947
2018 11 17  03 00 00	0.774
2018 11 17  04 00 00	0.576
2018 11 17  05 00 00	0.397
2018 11 17  06 00 00	0.28
2018 11 17  07 00 00	0.258
2018 11 17  08 00 00	0.343
2018 11 17  09 00 00	0.519
2018 11 17  10 00 00	0.752
2018 11 17  11 00 00	0.993
2018 11 17  12 00 00	1.189
2018 11 17  13 00 00	1.302
2018 11 17  14 00 00	1.311
2018 11 17  15 00 00	1.221
2018 11 17  16 00 00	1.062
2018 11 17  17 00 00	0.876
2018 11 17  18 00 00	0.713
2018 11 17  19 00 00	0.613
2018 11 17  20 00 00	0.599
2018 11 17  21 00 00	0.67
2018 11 17  22 00 00	0.802
2018 11 17  23 00 00	0.954
2018 11 18  00 00 00	1.078
2018 11 18  01 00 00	1.132
2018 11 18  02 00 00	1.092
2018 11 18  03 00 00	0.958
2018 11 18  04 00 00	0.758
2018 11 18  05 00 00	0.539
2018 11 18  06 00 00	0.357
2018 11 18  07 00 00	0.262
2018 11 18  08 00 00	0.285
2018 11 18  09 00 00	0.427
2018 11 18  10 00 00	0.662
2018 11 18  11 00 00	0.938
2018 11 18  12 00 00	1.192
2018 11 18  13 00 00	1.367
2018 11 18  14 00 00	1.424
2018 11 18  15 00 00	1.353
2018 11 18  16 00 00	1.174
2018 11 18  17 00 00	0.933
2018 11 18  18 00 00	0.691
2018 11 18  19 00 00	0.506
2018 11 18  20 00 00	0.422
2018 11 18  21 00 00	0.454
2018 11 18  22 00 00	0.588
2018 11 18  23 00 00	0.784
2018 11 19  00 00 00	0.984
2018 11 19  01 00 00	1.13
2018 11 19  02 00 00	1.179
2018 11 19  03 00 00	1.111
2018 11 19  04 00 00	0.94
2018 11 19  05 00 00	0.71
2018 11 19  06 00 00	0.481
2018 11 19  07 00 00	0.318
2018 11 19  08 00 00	0.27
2018 11 19  09 00 00	0.36
2018 11 19  10 00 00	0.574
2018 11 19  11 00 00	0.866
2018 11 19  12 00 00	1.168
2018 11 19  13 00 00	1.408
2018 11 19  14 00 00	1.528
2018 11 19  15 00 00	1.498
2018 11 19  16 00 00	1.324
2018 11 19  17 00 00	1.049
2018 11 19  18 00 00	0.737
2018 11 19  19 00 00	0.462
2018 11 19  20 00 00	0.287
2018 11 19  21 00 00	0.249
2018 11 19  22 00 00	0.351
2018 11 19  23 00 00	0.558
2018 11 20  00 00 00	0.813
2018 11 20  01 00 00	1.044
2018 11 20  02 00 00	1.19
2018 11 20  03 00 00	1.21
2018 11 20  04 00 00	1.099
2018 11 20  05 00 00	0.89
2018 11 20  06 00 00	0.64
2018 11 20  07 00 00	0.423
2018 11 20  08 00 00	0.305
2018 11 20  09 00 00	0.328
2018 11 20  10 00 00	0.498
2018 11 20  11 00 00	0.782
2018 11 20  12 00 00	1.114
2018 11 20  13 00 00	1.414
2018 11 20  14 00 00	1.606
2018 11 20  15 00 00	1.639
2018 11 20  16 00 00	1.5
2018 11 20  17 00 00	1.218
2018 11 20  18 00 00	0.857
2018 11 20  19 00 00	0.497
2018 11 20  20 00 00	0.221
2018 11 20  21 00 00	0.086
2018 11 20  22 00 00	0.118
2018 11 20  23 00 00	0.299
2018 11 21  00 00 00	0.574
